-1.9949899732081089, -1.9896499843851998, -1.981358861248242, -1.970141265486232, -1.9560305634903572, -1.9390687271066982, -1.9193062087922736, -1.8968017915457682, -1.8716224140593243, -1.8438429716114746, -1.8135460932934564, -1.7808218962315379, -1.7457677175364177, -1.708487824777003, -1.6690931058397562, -1.6277007390961082, -1.5844338448590252, -1.5394211191654472, -1.4927964509739144, -1.4446985239160055, -1.395270403786171, -1.3446591129969567, -1.2930151932653939, -1.2404922578313218, -1.1872465345395629, -1.1334364011450395, -1.0792219142230433, -1.024764333085912, -0.97022564012219703, -0.91576805898506564, -0.86155357206306971, -0.80774343866854603, -0.75449771537678734, -0.70197477994271507, -0.65033086021115216, -0.59971956942193816, -0.55029144929210327, -0.50219352223419467, -0.45556885404266179, -0.41055612834908406, -0.36728923411200076, -0.32589686736835288, -0.28650214843110566, -0.24922225567169143, -0.21416807697657114, -0.18144387991465249, -0.15114700159663441, -0.12336755914878472, -0.098188181662340668, -0.075683764415835353, -0.055921246101410804, -0.038959409717751803, -0.024848707721876861, -0.013631111959866882, -0.0053399888229090919, 0.0   
-1.9896499843851998, -1.9843099955622907, -1.9760188724253329, -1.9648012766633229, -1.9506905746674481, -1.9337287382837891, -1.9139662199693646, -1.8914618027228591, -1.8662824252364152, -1.8385029827885655, -1.8082061044705473, -1.7754819074086288, -1.7404277287135086, -1.7031478359540939, -1.6637531170168471, -1.6223607502731991, -1.5790938560361161, -1.5340811303425381, -1.4874564621510054, -1.4393585350930964, -1.3899304149632619, -1.3393191241740476, -1.2876752044424848, -1.2351522690084127, -1.1819065457166538, -1.1280964123221304, -1.0738819254001342, -1.0194243442630029, -0.96488565129928794, -0.91042807016215654, -0.85621358324016061, -0.80240344984563694, -0.74915772655387824, -0.69663479111980597, -0.64499087138824307, -0.59437958059902907, -0.54495146046919418, -0.49685353341128552, -0.45022886521975269, -0.40521613952617497, -0.36194924528909167, -0.32055687854544379, -0.28116215960819657, -0.24388226684878234, -0.20882808815366205, -0.1761038910917434, -0.14580701277372532, -0.11802757032587563, -0.092848192839431576, -0.070343775592926261, -0.050581257278501712, -0.033619420894842711, -0.01950871889896777, -0.0082911231369577898, 0.0, 0.0053399888229090919     
-1.981358861248242, -1.9760188724253329, -1.9677277492883751, -1.9565101535263651, -1.9423994515304903, -1.9254376151468313, -1.9056750968324068, -1.8831706795859013, -1.8579913020994574, -1.8302118596516077, -1.7999149813335895, -1.767190784271671, -1.7321366055765508, -1.6948567128171361, -1.6554619938798893, -1.6140696271362414, -1.5708027328991583, -1.5257900072055803, -1.4791653390140476, -1.4310674119561386, -1.3816392918263041, -1.3310280010370898, -1.2793840813055271, -1.2268611458714549, -1.173615422579696, -1.1198052891851726, -1.0655908022631764, -1.0111332211260451, -0.95659452816233015, -0.90213694702519875, -0.84792246010320282, -0.79411232670867915, -0.74086660341692046, -0.68834366798284818, -0.63669974825128528, -0.58608845746207128, -0.53666033733223639, -0.48856241027432773, -0.4419377420827949, -0.39692501638921718, -0.35365812215213388, -0.312265755408486, -0.27287103647123878, -0.23559114371182455, -0.20053696501670426, -0.16781276795478561, -0.13751588963676753, -0.10973644718891784, -0.084557069702473786, -0.062052652455968471, -0.042290134141543922, -0.025328297757884921, -0.01121759576200998, 0.0, 0.0082911231369577898, 0.013631111959866882 
-1.970141265486232, -1.9648012766633229, -1.9565101535263651, -1.9452925577643552, -1.9311818557684801, -1.9142200193848213, -1.8944575010703968, -1.8719530838238914, -1.8467737063374474, -1.8189942638895977, -1.7886973855715795, -1.755973188509661, -1.7209190098145408, -1.6836391170551264, -1.6442443981178791, -1.6028520313742316, -1.5595851371371481, -1.5145724114435701, -1.4679477432520376, -1.4198498161941289, -1.3704216960642941, -1.3198104052750799, -1.2681664855435173, -1.2156435501094449, -1.162397826817686, -1.1085876934231624, -1.0543732065011664, -0.99991562536403522, -0.94537693240032017, -0.89091935126318877, -0.83670486434119284, -0.78289473094666917, -0.72964900765491048, -0.6771260722208382, -0.6254821524892753, -0.5748708617000613, -0.52544274157022641, -0.47734481451231775, -0.43072014632078492, -0.3857074206272072, -0.3424405263901239, -0.30104815964647602, -0.2616534407092288, -0.22437354794981457, -0.18931936925469428, -0.15659517219277563, -0.12629829387475755, -0.098518851426907861, -0.073339473940463806, -0.050835056693958491, -0.031072538379533943, -0.014110701995874941, 0.0, 0.01121759576200998, 0.01950871889896777, 0.024848707721876861       
-1.9560305634903572, -1.9506905746674481, -1.9423994515304903, -1.9311818557684801, -1.9170711537726053, -1.9001093173889463, -1.880346799074522, -1.8578423818280165, -1.8326630043415726, -1.8048835618937229, -1.7745866835757047, -1.7418624865137859, -1.7068083078186658, -1.6695284150592513, -1.6301336961220043, -1.5887413293783565, -1.5454744351412733, -1.5004617094476953, -1.4538370412561625, -1.4057391141982538, -1.3563109940684193, -1.305699703279205, -1.2540557835476422, -1.2015328481135699, -1.1482871248218112, -1.0944769914272876, -1.0402625045052916, -0.98580492336816028, -0.93126623040444523, -0.87680864926731383, -0.8225941623453179, -0.76878402895079423, -0.71553830565903564, -0.66301537022496326, -0.61137145049340025, -0.56076015970418636, -0.51133203957435147, -0.46323411251644281, -0.41660944432490998, -0.37159671863133226, -0.32832982439424896, -0.28693745765060108, -0.24754273871335386, -0.21026284595393963, -0.17520866725881934, -0.14248447019690069, -0.11218759187888261, -0.084408149431032919, -0.059228771944588865, -0.03672435469808355, -0.016961836383659001, 0.0, 0.014110701995874941, 0.025328297757884921, 0.033619420894842711, 0.038959409717751803 
-1.9390687271066982, -1.9337287382837891, -1.9254376151468313, -1.9142200193848213, -1.9001093173889463, -1.8831474810052875, -1.863384962690863, -1.8408805454443575, -1.8157011679579136, -1.7879217255100639, -1.7576248471920457, -1.7249006501301272, -1.689846471435007, -1.6525665786755925, -1.6131718597383453, -1.5717794929946978, -1.5285125987576142, -1.4834998730640363, -1.4368752048725038, -1.388777277814595, -1.3393491576847603, -1.288737866895546, -1.2370939471639835, -1.1845710117299111, -1.1313252884381522, -1.0775151550436286, -1.0233006681216326, -0.96884308698450139, -0.91430439402078634, -0.85984681288365494, -0.80563232596165901, -0.75182219256713534, -0.69857646927537664, -0.64605353384130437, -0.59440961410974147, -0.54379832332052747, -0.49437020319069258, -0.44627227613278392, -0.39964760794125109, -0.35463488224767337, -0.31136798801059007, -0.26997562126694219, -0.23058090232969497, -0.19330100957028074, -0.15824683087516045, -0.1255226338132418, -0.095225755495223718, -0.067446313047374029, -0.042266935560929975, -0.01976251831442466, -1.1102230246251565e-16, 0.01696183638365889, 0.031072538379533832, 0.042290134141543811, 0.050581257278501601, 0.055921246101410693                                      
-1.9193062087922736, -1.9139662199693646, -1.9056750968324068, -1.8944575010703968, -1.880346799074522, -1.863384962690863, -1.8436224443764384, -1.821118027129933, -1.795938649643489, -1.7681592071956393, -1.7378623288776212, -1.7051381318157026, -1.6700839531205824, -1.6328040603611678, -1.593409341423921, -1.552016974680273, -1.5087500804431899, -1.463737354749612, -1.4171126865580792, -1.3690147595001703, -1.3195866393703357, -1.2689753485811215, -1.2173314288495587, -1.1648084934154865, -1.1115627701237276, -1.0577526367292043, -1.003538149807208, -0.94908056867007684, -0.89454187570636179, -0.84008429456923039, -0.78586980764723446, -0.73205967425271079, -0.67881395096095209, -0.62629101552687982, -0.57464709579531692, -0.52403580500610292, -0.47460768487626803, -0.42650975781835937, -0.37988508962682654, -0.33487236393324882, -0.29160546969616552, -0.25021310295251764, -0.21081838401527042, -0.17353849125585619, -0.1384843125607359, -0.10576011549881725, -0.07546323718079917, -0.04768379473294948, -0.022504417246505426, -1.1102230246251565e-16, 0.019762518314424438, 0.036724354698083439, 0.05083505669395838, 0.06205265245596836, 0.07034377559292615, 0.075683764415835242                                              
-1.8968017915457682, -1.8914618027228591, -1.8831706795859013, -1.8719530838238914, -1.8578423818280165, -1.8408805454443575, -1.821118027129933, -1.7986136098834276, -1.7734342323969836, -1.7456547899491339, -1.7153579116311157, -1.6826337145691972, -1.647579535874077, -1.6102996431146623, -1.5709049241774156, -1.5295125574337676, -1.4862456631966845, -1.4412329375031065, -1.3946082693115738, -1.3465103422536648, -1.2970822221238303, -1.2464709313346161, -1.1948270116030533, -1.1423040761689811, -1.0890583528772222, -1.0352482194826989, -0.98103373256070259, -0.92657615142357141, -0.87203745845985636, -0.81757987732272497, -0.76336539040072904, -0.70955525700620536, -0.65630953371444667, -0.6037865982803744, -0.55214267854881149, -0.50153138775959749, -0.45210326762976261, -0.40400534057185394, -0.35738067238032112, -0.31236794668674339, -0.26910105244966009, -0.22770868570601221, -0.188313966768765, -0.15103407400935076, -0.11597989531423047, -0.083255698252311827, -0.052958819934293744, -0.025179377486444054, 0.0, 0.022504417246505315, 0.042266935560929864, 0.059228771944588865, 0.073339473940463806, 0.084557069702473786, 0.092848192839431576, 0.098188181662340668                                                        
-1.8716224140593243, -1.8662824252364152, -1.8579913020994574, -1.8467737063374474, -1.8326630043415726, -1.8157011679579136, -1.795938649643489, -1.7734342323969836, -1.7482548549105397, -1.72047541246269, -1.6901785341446718, -1.6574543370827532, -1.6224001583876331, -1.5851202656282184, -1.5457255466909716, -1.5043331799473236, -1.4610662857102406, -1.4160535600166626, -1.3694288918251298, -1.3213309647672209, -1.2719028446373863, -1.2212915538481721, -1.1696476341166093, -1.1171246986825372, -1.0638789753907782, -1.0100688419962549, -0.95585435507425864, -0.90139677393712747, -0.84685808097341242, -0.79240049983628102, -0.73818601291428509, -0.68437587951976142, -0.63113015622800273, -0.57860722079393045, -0.52696330106236755, -0.47635201027315355, -0.42692389014331866, -0.37882596308541, -0.33220129489387717, -0.28718856920029945, -0.24392167496321615, -0.20252930821956827, -0.16313458928232105, -0.12585469652290682, -0.090800517827786531, -0.058076320765867884, -0.0277794424478498, -1.1102230246251565e-16, 0.025179377486443943, 0.047683794732949258, 0.067446313047373807, 0.084408149431032808, 0.09851885142690775, 0.10973644718891773, 0.11802757032587552, 0.12336755914878461                                           
-1.8438429716114746, -1.8385029827885655, -1.8302118596516077, -1.8189942638895977, -1.8048835618937229, -1.7879217255100639, -1.7681592071956393, -1.7456547899491339, -1.72047541246269, -1.6926959700148403, -1.6623990916968221, -1.6296748946349036, -1.5946207159397834, -1.5573408231803687, -1.5179461042431219, -1.4765537374994739, -1.4332868432623909, -1.3882741175688129, -1.3416494493772801, -1.2935515223193712, -1.2441234021895367, -1.1935121114003224, -1.1418681916687596, -1.0893452562346875, -1.0360995329429286, -0.98228939954840511, -0.92807491262640895, -0.87361733148927778, -0.81907863852556273, -0.76462105738843134, -0.71040657046643541, -0.65659643707191173, -0.60335071378015304, -0.55082777834608077, -0.49918385861451781, -0.44857256782530386, -0.39914444769546897, -0.35104652063756031, -0.30442185244602749, -0.25940912675244976, -0.21614223251536646, -0.17474986577171858, -0.13535514683447136, -0.098075254075057128, -0.063021075379936842, -0.030296878318018194, -1.1102230246251565e-16, 0.027779442447849578, 0.052958819934293633, 0.075463237180798948, 0.095225755495223496, 0.1121875918788825, 0.12629829387475744, 0.13751588963676742, 0.14580701277372521, 0.1511470015966343                                       
-1.8135460932934564, -1.8082061044705473, -1.7999149813335895, -1.7886973855715795, -1.7745866835757047, -1.7576248471920457, -1.7378623288776212, -1.7153579116311157, -1.6901785341446718, -1.6623990916968221, -1.6321022133788039, -1.5993780163168854, -1.5643238376217652, -1.5270439448623505, -1.4876492259251037, -1.4462568591814557, -1.4029899649443727, -1.3579772392507947, -1.311352571059262, -1.263254644001353, -1.2138265238715185, -1.1632152330823042, -1.1115713133507414, -1.0590483779166693, -1.0058026546249104, -0.95199252123038691, -0.89777803430839076, -0.84332045317125959, -0.78878176020754454, -0.73432417907041314, -0.68010969214841721, -0.62629955875389354, -0.57305383546213484, -0.52053090002806257, -0.46888698029649961, -0.41827568950728566, -0.36884756937745078, -0.32074964231954212, -0.27412497412800929, -0.22911224843443156, -0.18584535419734827, -0.14445298745370039, -0.10505826851645317, -0.067778375757038933, -0.032724197061918647, 0.0, 0.030296878318018083, 0.058076320765867773, 0.083255698252311827, 0.10576011549881714, 0.12552263381324169, 0.14248447019690069, 0.15659517219277563, 0.16781276795478561, 0.1761038910917434, 0.18144387991465249                                                             
-1.7808218962315379, -1.7754819074086288, -1.767190784271671, -1.755973188509661, -1.7418624865137859, -1.7249006501301272, -1.7051381318157026, -1.6826337145691972, -1.6574543370827532, -1.6296748946349036, -1.5993780163168854, -1.5666538192549668, -1.5315996405598467, -1.4943197478004322, -1.454925028863185, -1.4135326621195374, -1.3702657678824539, -1.325253042188876, -1.2786283739973434, -1.2305304469394347, -1.1811023268095999, -1.1304910360203857, -1.0788471162888231, -1.0263241808547507, -0.97307845756299183, -0.91926832416846838, -0.86505383724647222, -0.81059625610934105, -0.756057563145626, -0.7015999820084946, -0.64738549508649867, -0.593575361691975, -0.54032963840021631, -0.48780670296614403, -0.43616278323458108, -0.38555149244536713, -0.33612337231553224, -0.28802544525762358, -0.24140077706609075, -0.19638805137251303, -0.15312115713542973, -0.11172879039178185, -0.072334071454534632, -0.035054178695120397, -1.1102230246251565e-16, 0.032724197061918536, 0.06302107537993662, 0.090800517827786309, 0.11597989531423036, 0.13848431256073568, 0.15824683087516023, 0.17520866725881923, 0.18931936925469417, 0.20053696501670415, 0.20882808815366194, 0.21416807697657103                                                
-1.7457677175364177, -1.7404277287135086, -1.7321366055765508, -1.7209190098145408, -1.7068083078186658, -1.689846471435007, -1.6700839531205824, -1.647579535874077, -1.6224001583876331, -1.5946207159397834, -1.5643238376217652, -1.5315996405598467, -1.4965454618647265, -1.459265569105312, -1.4198708501680648, -1.3784784834244173, -1.3352115891873337, -1.2901988634937558, -1.2435741953022232, -1.1954762682443145, -1.1460481481144797, -1.0954368573252655, -1.043792937593703, -0.99127000215963057, -0.93802427886787165, -0.8842141454733482, -0.82999965855135205, -0.77554207741422088, -0.72100338445050582, -0.66654580331337443, -0.6123313163913785, -0.55852118299685483, -0.50527545970509613, -0.45275252427102386, -0.4011086045394609, -0.35049731375024695, -0.30106919362041207, -0.25297126656250341, -0.20634659837097058, -0.16133387267739285, -0.11806697844030956, -0.076674611696661676, -0.037279892759414457, -2.2204460492503131e-16, 0.035054178695120064, 0.067778375757038711, 0.098075254075056795, 0.12585469652290648, 0.15103407400935054, 0.17353849125585585, 0.1933010095702804, 0.2102628459539394, 0.22437354794981434, 0.23559114371182432, 0.24388226684878211, 0.24922225567169121                                               
-1.708487824777003, -1.7031478359540939, -1.6948567128171361, -1.6836391170551264, -1.6695284150592513, -1.6525665786755925, -1.6328040603611678, -1.6102996431146623, -1.5851202656282184, -1.5573408231803687, -1.5270439448623505, -1.4943197478004322, -1.459265569105312, -1.4219856763458973, -1.3825909574086503, -1.3411985906650026, -1.2979316964279193, -1.2529189707343413, -1.2062943025428086, -1.1581963754848998, -1.1087682553550651, -1.0581569645658511, -1.0065130448342883, -0.95399010940021589, -0.90074438610845708, -0.84693425271393363, -0.79271976579193748, -0.73826218465480631, -0.68372349169109126, -0.62926591055395986, -0.57505142363196393, -0.52124129023744026, -0.46799556694568162, -0.41547263151160929, -0.36382871178004633, -0.31321742099083238, -0.2637893008609975, -0.21569137380308884, -0.16906670561155601, -0.12405397991797829, -0.080787085680894988, -0.039394718937247108, 1.1102230246251565e-16, 0.037279892759414346, 0.072334071454534632, 0.10505826851645328, 0.13535514683447136, 0.16313458928232105, 0.18831396676876511, 0.21081838401527042, 0.23058090232969497, 0.24754273871335397, 0.26165344070922891, 0.27287103647123889, 0.28116215960819668, 0.28650214843110577                                            
-1.6690931058397562, -1.6637531170168471, -1.6554619938798893, -1.6442443981178791, -1.6301336961220043, -1.6131718597383453, -1.593409341423921, -1.5709049241774156, -1.5457255466909716, -1.5179461042431219, -1.4876492259251037, -1.454925028863185, -1.4198708501680648, -1.3825909574086503, -1.3431962384714033, -1.3018038717277556, -1.2585369774906723, -1.2135242517970943, -1.1668995836055616, -1.1188016565476528, -1.0693735364178183, -1.0187622456286041, -0.96711832589704128, -0.91459539046296889, -0.86134966717121009, -0.80753953377668664, -0.75332504685469048, -0.69886746571755931, -0.64432877275384426, -0.58987119161671286, -0.53565670469471693, -0.48184657130019326, -0.42860084800843462, -0.37607791257436229, -0.32443399284279933, -0.27382270205358539, -0.2243945819237505, -0.17629665486584184, -0.12967198667430901, -0.084659260980731288, -0.04139236674364799, -1.1102230246251565e-16, 0.039394718937247108, 0.076674611696661343, 0.11172879039178163, 0.14445298745370028, 0.17474986577171836, 0.20252930821956805, 0.2277086857060121, 0.25021310295251742, 0.26997562126694197, 0.28693745765060097, 0.30104815964647591, 0.31226575540848589, 0.32055687854544368, 0.32589686736835277                                             
-1.6277007390961082, -1.6223607502731991, -1.6140696271362414, -1.6028520313742316, -1.5887413293783565, -1.5717794929946978, -1.552016974680273, -1.5295125574337676, -1.5043331799473236, -1.4765537374994739, -1.4462568591814557, -1.4135326621195374, -1.3784784834244173, -1.3411985906650026, -1.3018038717277556, -1.2604115049841078, -1.2171446107470245, -1.1721318850534466, -1.1255072168619138, -1.0774092898040051, -1.0279811696741703, -0.9773698788849563, -0.92572595915339351, -0.87320302371932113, -0.81995730042756232, -0.76614716703303887, -0.71193268011104271, -0.65747509897391154, -0.60293640601019649, -0.5484788248730651, -0.49426433795106917, -0.44045420455654549, -0.38720848126478685, -0.33468554583071453, -0.28304162609915157, -0.23243033530993762, -0.18300221518010273, -0.13490428812219407, -0.088279619930661246, -0.04326689423708352, -2.2204460492503131e-16, 0.041392366743647657, 0.080787085680894877, 0.11806697844030911, 0.1531211571354294, 0.18584535419734804, 0.21614223251536613, 0.24392167496321582, 0.26910105244965987, 0.29160546969616519, 0.31136798801058974, 0.32832982439424874, 0.34244052639012368, 0.35365812215213366, 0.36194924528909145, 0.36728923411200054                                             
-1.5844338448590252, -1.5790938560361161, -1.5708027328991583, -1.5595851371371481, -1.5454744351412733, -1.5285125987576142, -1.5087500804431899, -1.4862456631966845, -1.4610662857102406, -1.4332868432623909, -1.4029899649443727, -1.3702657678824539, -1.3352115891873337, -1.2979316964279193, -1.2585369774906723, -1.2171446107470245, -1.1738777165099412, -1.1288649908163633, -1.0822403226248305, -1.0341423955669218, -0.98471427543708712, -0.934102984647873, -0.88245906491631021, -0.82993612948223783, -0.77669040619047902, -0.72288027279595557, -0.66866578587395942, -0.61420820473682824, -0.55966951177311319, -0.5052119306359818, -0.45099744371398587, -0.39718731031946219, -0.34394158702770355, -0.29141865159363123, -0.23977473186206827, -0.18916344107285432, -0.13973532094301944, -0.091637393885110774, -0.045012725693577949, -2.2204460492503131e-16, 0.043266894237083076, 0.084659260980730955, 0.12405397991797817, 0.16133387267739241, 0.1963880513725127, 0.22911224843443134, 0.25940912675244943, 0.28718856920029912, 0.31236794668674317, 0.33487236393324848, 0.35463488224767303, 0.37159671863133203, 0.38570742062720698, 0.39692501638921696, 0.40521613952617475, 0.41055612834908384                                            
-1.5394211191654472, -1.5340811303425381, -1.5257900072055803, -1.5145724114435701, -1.5004617094476953, -1.4834998730640363, -1.463737354749612, -1.4412329375031065, -1.4160535600166626, -1.3882741175688129, -1.3579772392507947, -1.325253042188876, -1.2901988634937558, -1.2529189707343413, -1.2135242517970943, -1.1721318850534466, -1.1288649908163633, -1.0838522651227853, -1.0372275969312525, -0.98912966987334383, -0.93970154974350917, -0.88909025895429505, -0.83744633922273226, -0.78492340378865988, -0.73167768049690107, -0.67786754710237762, -0.62365306018038147, -0.5691954790432503, -0.51465678607953524, -0.46019920494240385, -0.40598471802040792, -0.35217458462588425, -0.29892886133412561, -0.24640592590005328, -0.19476200616849032, -0.14415071537927637, -0.094722595249441488, -0.046624668191532825, 0.0, 0.045012725693577726, 0.088279619930661024, 0.1296719866743089, 0.16906670561155612, 0.20634659837097036, 0.24140077706609064, 0.27412497412800929, 0.30442185244602737, 0.33220129489387706, 0.35738067238032112, 0.37988508962682643, 0.39964760794125098, 0.41660944432490998, 0.43072014632078492, 0.4419377420827949, 0.45022886521975269, 0.45556885404266179                                                                 
-1.4927964509739144, -1.4874564621510054, -1.4791653390140476, -1.4679477432520376, -1.4538370412561625, -1.4368752048725038, -1.4171126865580792, -1.3946082693115738, -1.3694288918251298, -1.3416494493772801, -1.311352571059262, -1.2786283739973434, -1.2435741953022232, -1.2062943025428086, -1.1668995836055616, -1.1255072168619138, -1.0822403226248305, -1.0372275969312525, -0.99060292873971989, -0.94250500168181106, -0.89307688155197651, -0.84246559076276228, -0.79082167103119949, -0.73829873559712722, -0.68505301230536841, -0.63124287891084485, -0.57702839198884881, -0.52257081085171753, -0.46803211788800253, -0.41357453675087114, -0.35936004982887521, -0.30554991643435148, -0.25230419314259289, -0.19978125770852057, -0.14813733797695761, -0.097526047187743659, -0.048097927057908774, -1.1102230246251565e-16, 0.046624668191532714, 0.091637393885110441, 0.13490428812219374, 0.17629665486584162, 0.21569137380308884, 0.25297126656250307, 0.28802544525762336, 0.32074964231954201, 0.35104652063756009, 0.37882596308540978, 0.40400534057185383, 0.42650975781835915, 0.4462722761327837, 0.4632341125164427, 0.47734481451231764, 0.48856241027432762, 0.49685353341128541, 0.50219352223419444                                
-1.4446985239160055, -1.4393585350930964, -1.4310674119561386, -1.4198498161941289, -1.4057391141982538, -1.388777277814595, -1.3690147595001703, -1.3465103422536648, -1.3213309647672209, -1.2935515223193712, -1.263254644001353, -1.2305304469394347, -1.1954762682443145, -1.1581963754848998, -1.1188016565476528, -1.0774092898040051, -1.0341423955669218, -0.98912966987334383, -0.94250500168181106, -0.89440707462390234, -0.84497895449406768, -0.79436766370485357, -0.74272374397329077, -0.69020080853921839, -0.63695508524745958, -0.58314495185293613, -0.52893046493093998, -0.47447288379380881, -0.41993419083009376, -0.36547660969296236, -0.31126212277096643, -0.25745198937644276, -0.20420626608468412, -0.15168333065061179, -0.10003941091904883, -0.049428120129834885, 0.0, 0.048097927057908663, 0.094722595249441488, 0.13973532094301921, 0.18300221518010251, 0.22439458192375039, 0.26378930086099761, 0.30106919362041185, 0.33612337231553213, 0.36884756937745078, 0.39914444769546886, 0.42692389014331855, 0.45210326762976261, 0.47460768487626792, 0.49437020319069247, 0.51133203957435147, 0.52544274157022641, 0.53666033733223639, 0.54495146046919418, 0.55029144929210327                                                    
-1.395270403786171, -1.3899304149632619, -1.3816392918263041, -1.3704216960642941, -1.3563109940684193, -1.3393491576847603, -1.3195866393703357, -1.2970822221238303, -1.2719028446373863, -1.2441234021895367, -1.2138265238715185, -1.1811023268095999, -1.1460481481144797, -1.1087682553550651, -1.0693735364178183, -1.0279811696741703, -0.98471427543708712, -0.93970154974350917, -0.89307688155197651, -0.84497895449406768, -0.79555083436423302, -0.74493954357501879, -0.69329562384345611, -0.64077268840938384, -0.58752696511762492, -0.53371683172310147, -0.47950234480110532, -0.42504476366397415, -0.37050607070025909, -0.3160484895631277, -0.26183400264113177, -0.20802386924660807, -0.15477814595484946, -0.10225521052077713, -0.050611290789214169, -2.2204460492503131e-16, 0.049428120129834663, 0.097526047187743325, 0.14415071537927615, 0.18916344107285388, 0.23243033530993717, 0.27382270205358505, 0.31321742099083227, 0.35049731375024651, 0.38555149244536679, 0.41827568950728544, 0.44857256782530353, 0.47635201027315321, 0.50153138775959727, 0.52403580500610258, 0.54379832332052713, 0.56076015970418613, 0.57487086170006108, 0.58608845746207106, 0.59437958059902885, 0.59971956942193794                                
-1.3446591129969567, -1.3393191241740476, -1.3310280010370898, -1.3198104052750799, -1.305699703279205, -1.288737866895546, -1.2689753485811215, -1.2464709313346161, -1.2212915538481721, -1.1935121114003224, -1.1632152330823042, -1.1304910360203857, -1.0954368573252655, -1.0581569645658511, -1.0187622456286041, -0.9773698788849563, -0.934102984647873, -0.88909025895429505, -0.84246559076276228, -0.79436766370485357, -0.74493954357501879, -0.69432825278580468, -0.642684333054242, -0.59016139762016961, -0.53691567432841081, -0.4831055409338873, -0.42889105401189115, -0.37443347287475998, -0.31989477991104492, -0.26543719877391353, -0.2112227118519176, -0.1574125784573939, -0.10416685516563529, -0.051643919731562959, 0.0, 0.050611290789213947, 0.10003941091904883, 0.14813733797695749, 0.19476200616849032, 0.23977473186206805, 0.28304162609915134, 0.32443399284279922, 0.36382871178004644, 0.40110860453946068, 0.43616278323458096, 0.46888698029649961, 0.49918385861451769, 0.52696330106236733, 0.55214267854881149, 0.5746470957953167, 0.59440961410974125, 0.61137145049340025, 0.6254821524892753, 0.63669974825128528, 0.64499087138824307, 0.65033086021115216                                                               
-1.2930151932653939, -1.2876752044424848, -1.2793840813055271, -1.2681664855435173, -1.2540557835476422, -1.2370939471639835, -1.2173314288495587, -1.1948270116030533, -1.1696476341166093, -1.1418681916687596, -1.1115713133507414, -1.0788471162888231, -1.043792937593703, -1.0065130448342883, -0.96711832589704128, -0.92572595915339351, -0.88245906491631021, -0.83744633922273226, -0.79082167103119949, -0.74272374397329077, -0.69329562384345611, -0.642684333054242, -0.5910404133226792, -0.53851747788860682, -0.48527175459684802, -0.43146162120232456, -0.37724713428032841, -0.32278955314319724, -0.26825086017948219, -0.21379327904235079, -0.15957879212035486, -0.10576865872583116, -0.052522935434072548, -2.2204460492503131e-16, 0.051643919731562737, 0.10225521052077668, 0.15168333065061157, 0.19978125770852023, 0.24640592590005306, 0.29141865159363078, 0.33468554583071408, 0.37607791257436196, 0.41547263151160918, 0.45275252427102342, 0.4878067029661437, 0.52053090002806235, 0.55082777834608043, 0.57860722079393012, 0.60378659828037418, 0.62629101552687949, 0.64605353384130404, 0.66301537022496304, 0.67712607222083798, 0.68834366798284796, 0.69663479111980575, 0.70197477994271484                                 
-1.2404922578313218, -1.2351522690084127, -1.2268611458714549, -1.2156435501094449, -1.2015328481135699, -1.1845710117299111, -1.1648084934154865, -1.1423040761689811, -1.1171246986825372, -1.0893452562346875, -1.0590483779166693, -1.0263241808547507, -0.99127000215963057, -0.95399010940021589, -0.91459539046296889, -0.87320302371932113, -0.82993612948223783, -0.78492340378865988, -0.73829873559712722, -0.69020080853921839, -0.64077268840938384, -0.59016139762016961, -0.53851747788860682, -0.48599454245453455, -0.43274881916277574, -0.37893868576825224, -0.32472419884625608, -0.27026661770912491, -0.21572792474540986, -0.16127034360827847, -0.10705585668628254, -0.053245723291758834, -2.2204460492503131e-16, 0.052522935434072104, 0.10416685516563506, 0.15477814595484901, 0.2042062660846839, 0.25230419314259256, 0.29892886133412538, 0.34394158702770311, 0.38720848126478641, 0.42860084800843429, 0.46799556694568151, 0.50527545970509569, 0.54032963840021608, 0.57305383546213462, 0.60335071378015281, 0.6311301562280025, 0.65630953371444645, 0.67881395096095187, 0.69857646927537642, 0.71553830565903542, 0.72964900765491025, 0.74086660341692023, 0.74915772655387802, 0.75449771537678711                             
-1.1872465345395629, -1.1819065457166538, -1.173615422579696, -1.162397826817686, -1.1482871248218112, -1.1313252884381522, -1.1115627701237276, -1.0890583528772222, -1.0638789753907782, -1.0360995329429286, -1.0058026546249104, -0.97307845756299183, -0.93802427886787165, -0.90074438610845708, -0.86134966717121009, -0.81995730042756232, -0.77669040619047902, -0.73167768049690107, -0.68505301230536841, -0.63695508524745958, -0.58752696511762492, -0.53691567432841081, -0.48527175459684802, -0.43274881916277574, -0.37950309587101688, -0.32569296247649338, -0.27147847555449728, -0.21702089441736605, -0.16248220145365105, -0.10802462031651962, -0.053810133394523701, 0.0, 0.053245723291758612, 0.10576865872583094, 0.1574125784573939, 0.20802386924660785, 0.25745198937644276, 0.30554991643435137, 0.35217458462588425, 0.39718731031946197, 0.44045420455654527, 0.48184657130019315, 0.52124129023744037, 0.5585211829968546, 0.59357536169197489, 0.62629955875389354, 0.65659643707191162, 0.68437587951976131, 0.70955525700620536, 0.73205967425271068, 0.75182219256713523, 0.76878402895079423, 0.78289473094666917, 0.79411232670867915, 0.80240344984563694, 0.80774343866854603                                                   
-1.1334364011450395, -1.1280964123221304, -1.1198052891851726, -1.1085876934231624, -1.0944769914272876, -1.0775151550436286, -1.0577526367292043, -1.0352482194826989, -1.0100688419962549, -0.98228939954840511, -0.95199252123038691, -0.91926832416846838, -0.8842141454733482, -0.84693425271393363, -0.80753953377668664, -0.76614716703303887, -0.72288027279595557, -0.67786754710237762, -0.63124287891084485, -0.58314495185293613, -0.53371683172310147, -0.4831055409338873, -0.43146162120232456, -0.37893868576825224, -0.32569296247649338, -0.27188282908196992, -0.21766834215997377, -0.1632107610228426, -0.10867206805912756, -0.054214486921996138, -2.2204460492503131e-16, 0.053810133394523479, 0.10705585668628209, 0.15957879212035442, 0.21122271185191738, 0.26183400264113132, 0.31126212277096621, 0.35936004982887487, 0.4059847180204077, 0.45099744371398542, 0.49426433795106872, 0.5356567046947166, 0.57505142363196382, 0.61233131639137806, 0.64738549508649834, 0.68010969214841699, 0.71040657046643507, 0.73818601291428476, 0.76336539040072882, 0.78586980764723413, 0.80563232596165868, 0.82259416234531768, 0.83670486434119262, 0.8479224601032026, 0.85621358324016039, 0.86155357206306948                                
-1.0792219142230433, -1.0738819254001342, -1.0655908022631764, -1.0543732065011664, -1.0402625045052916, -1.0233006681216326, -1.003538149807208, -0.98103373256070259, -0.95585435507425864, -0.92807491262640895, -0.89777803430839076, -0.86505383724647222, -0.82999965855135205, -0.79271976579193748, -0.75332504685469048, -0.71193268011104271, -0.66866578587395942, -0.62365306018038147, -0.57702839198884881, -0.52893046493093998, -0.47950234480110532, -0.42889105401189115, -0.37724713428032841, -0.32472419884625608, -0.27147847555449728, -0.21766834215997377, -0.16345385523797765, -0.10899627410084645, -0.054457581137131422, 0.0, 0.054214486921995916, 0.10802462031651962, 0.16127034360827824, 0.21379327904235057, 0.26543719877391353, 0.31604848956312748, 0.36547660969296236, 0.41357453675087102, 0.46019920494240385, 0.50521193063598158, 0.54847882487306487, 0.58987119161671275, 0.62926591055395997, 0.66654580331337421, 0.70159998200849449, 0.73432417907041314, 0.76462105738843122, 0.79240049983628091, 0.81757987732272497, 0.84008429456923028, 0.85984681288365483, 0.87680864926731383, 0.89091935126318877, 0.90213694702519875, 0.91042807016215654, 0.91576805898506564                                              
-1.024764333085912, -1.0194243442630029, -1.0111332211260451, -0.99991562536403522, -0.98580492336816028, -0.96884308698450139, -0.94908056867007684, -0.92657615142357141, -0.90139677393712747, -0.87361733148927778, -0.84332045317125959, -0.81059625610934105, -0.77554207741422088, -0.73826218465480631, -0.69886746571755931, -0.65747509897391154, -0.61420820473682824, -0.5691954790432503, -0.52257081085171753, -0.47447288379380881, -0.42504476366397415, -0.37443347287475998, -0.32278955314319724, -0.27026661770912491, -0.21702089441736605, -0.1632107610228426, -0.10899627410084645, -0.054538692963715246, -2.2204460492503131e-16, 0.0544575811371312, 0.10867206805912712, 0.16248220145365083, 0.21572792474540942, 0.26825086017948174, 0.3198947799110447, 0.37050607070025865, 0.41993419083009353, 0.4680321178880022, 0.51465678607953502, 0.55966951177311275, 0.60293640601019605, 0.64432877275384393, 0.68372349169109115, 0.72100338445050538, 0.75605756314562567, 0.78878176020754431, 0.8190786385255624, 0.84685808097341209, 0.87203745845985614, 0.89454187570636146, 0.914304394020786, 0.93126623040444501, 0.94537693240031995, 0.95659452816232993, 0.96488565129928772, 0.97022564012219681                                
-0.97022564012219703, -0.96488565129928794, -0.95659452816233015, -0.94537693240032017, -0.93126623040444523, -0.91430439402078634, -0.89454187570636179, -0.87203745845985636, -0.84685808097341242, -0.81907863852556273, -0.78878176020754454, -0.756057563145626, -0.72100338445050582, -0.68372349169109126, -0.64432877275384426, -0.60293640601019649, -0.55966951177311319, -0.51465678607953524, -0.46803211788800253, -0.41993419083009376, -0.37050607070025909, -0.31989477991104492, -0.26825086017948219, -0.21572792474540986, -0.16248220145365105, -0.10867206805912756, -0.054457581137131422, -2.2204460492503131e-16, 0.054538692963714802, 0.10899627410084622, 0.16321076102284215, 0.21702089441736583, 0.27026661770912447, 0.32278955314319679, 0.37443347287475975, 0.4250447636639737, 0.47447288379380859, 0.52257081085171719, 0.56919547904325007, 0.6142082047368278, 0.6574750989739111, 0.69886746571755898, 0.7382621846548062, 0.77554207741422043, 0.81059625610934072, 0.84332045317125937, 0.87361733148927745, 0.90139677393712714, 0.92657615142357119, 0.94908056867007651, 0.96884308698450106, 0.98580492336816006, 0.999915625364035, 1.0111332211260449, 1.0194243442630027, 1.0247643330859117                               
-0.91576805898506564, -0.91042807016215654, -0.90213694702519875, -0.89091935126318877, -0.87680864926731383, -0.85984681288365494, -0.84008429456923039, -0.81757987732272497, -0.79240049983628102, -0.76462105738843134, -0.73432417907041314, -0.7015999820084946, -0.66654580331337443, -0.62926591055395986, -0.58987119161671286, -0.5484788248730651, -0.5052119306359818, -0.46019920494240385, -0.41357453675087114, -0.36547660969296236, -0.3160484895631277, -0.26543719877391353, -0.21379327904235079, -0.16127034360827847, -0.10802462031651962, -0.054214486921996138, 0.0, 0.0544575811371312, 0.10899627410084622, 0.16345385523797765, 0.21766834215997355, 0.27147847555449728, 0.32472419884625586, 0.37724713428032819, 0.42889105401189115, 0.4795023448011051, 0.52893046493093998, 0.5770283919888487, 0.62365306018038147, 0.6686657858739592, 0.71193268011104249, 0.75332504685469037, 0.79271976579193759, 0.82999965855135183, 0.86505383724647211, 0.89777803430839076, 0.92807491262640884, 0.95585435507425853, 0.98103373256070259, 1.003538149807208, 1.0233006681216326, 1.0402625045052916, 1.0543732065011664, 1.0655908022631764, 1.0738819254001342, 1.0792219142230433                                                          
-0.86155357206306971, -0.85621358324016061, -0.84792246010320282, -0.83670486434119284, -0.8225941623453179, -0.80563232596165901, -0.78586980764723446, -0.76336539040072904, -0.73818601291428509, -0.71040657046643541, -0.68010969214841721, -0.64738549508649867, -0.6123313163913785, -0.57505142363196393, -0.53565670469471693, -0.49426433795106917, -0.45099744371398587, -0.40598471802040792, -0.35936004982887521, -0.31126212277096643, -0.26183400264113177, -0.2112227118519176, -0.15957879212035486, -0.10705585668628254, -0.053810133394523701, -2.2204460492503131e-16, 0.054214486921995916, 0.10867206805912712, 0.16321076102284215, 0.21766834215997355, 0.27188282908196948, 0.32569296247649315, 0.37893868576825179, 0.43146162120232412, 0.48310554093388708, 0.53371683172310103, 0.58314495185293591, 0.63124287891084463, 0.6778675471023774, 0.72288027279595513, 0.76614716703303842, 0.8075395337766863, 0.84693425271393352, 0.88421414547334776, 0.91926832416846804, 0.95199252123038669, 0.98228939954840477, 1.0100688419962545, 1.0352482194826984, 1.0577526367292038, 1.0775151550436284, 1.0944769914272874, 1.1085876934231624, 1.1198052891851722, 1.12809641232213, 1.1334364011450391                                      
-0.80774343866854603, -0.80240344984563694, -0.79411232670867915, -0.78289473094666917, -0.76878402895079423, -0.75182219256713534, -0.73205967425271079, -0.70955525700620536, -0.68437587951976142, -0.65659643707191173, -0.62629955875389354, -0.593575361691975, -0.55852118299685483, -0.52124129023744026, -0.48184657130019326, -0.44045420455654549, -0.39718731031946219, -0.35217458462588425, -0.30554991643435148, -0.25745198937644276, -0.20802386924660807, -0.1574125784573939, -0.10576865872583116, -0.053245723291758834, 0.0, 0.053810133394523479, 0.10802462031651962, 0.16248220145365083, 0.21702089441736583, 0.27147847555449728, 0.32569296247649315, 0.37950309587101688, 0.43274881916277552, 0.48527175459684779, 0.53691567432841081, 0.5875269651176247, 0.63695508524745958, 0.6850530123053683, 0.73167768049690107, 0.7766904061904788, 0.8199573004275621, 0.86134966717120998, 0.9007443861084572, 0.93802427886787143, 0.97307845756299172, 1.0058026546249104, 1.0360995329429286, 1.0638789753907782, 1.0890583528772222, 1.1115627701237276, 1.1313252884381522, 1.1482871248218112, 1.162397826817686, 1.173615422579696, 1.1819065457166538, 1.1872465345395629                                                                
